3.347570000000000268e-01 2.276749999999999954e-02 1.451310000000000100e+00
2.304819999999999924e-01 -6.299019999999999619e-01 2.100769999999999804e+00
-9.877730000000000121e-01 1.133299999999999974e+00 5.241500000000000270e+00
2.251410000000000078e-01 -2.610149999999999970e+00 1.420149999999999935e+01
1.423519999999999897e+00 -9.983290000000000219e-01 6.286870000000000402e+00
2.951340000000000213e-03 1.046210000000000084e+00 2.639990000000000059e+00
-4.107669999999999932e-01 1.519340000000000135e-01 1.657350000000000101e+00
7.599500000000000144e-01 6.912840000000000096e-01 1.849730000000000096e+00
-5.361139999999999795e-01 -1.400210000000000066e-01 1.593599999999999905e+00
2.201579999999999870e+00 3.066949999999999954e-01 5.939140000000000086e+00
3.664260000000000073e+00 -5.179489999999999927e-01 1.731390000000000029e+01
1.458780000000000077e-01 -8.399889999999999857e-01 2.791519999999999779e+00
1.725760000000000072e-01 -1.577220000000000011e-01 1.281649999999999956e+00
-1.119620000000000060e+00 9.770929999999999893e-01 4.975819999999999688e+00
7.209659999999999958e-01 -1.475629999999999997e-01 2.068220000000000169e+00
-1.581620000000000026e+00 -6.116890000000000382e-01 4.295980000000000132e+00
4.346679999999999988e-01 -4.318580000000000196e-01 2.124210000000000154e+00
-1.440029999999999921e+00 3.889050000000000007e-01 4.516539999999999999e+00
-7.221130000000000049e-01 -3.896089999999999831e-01 2.065459999999999852e+00
5.651129999999999765e-01 3.757220000000000004e-01 1.498229999999999951e+00
-6.530939999999999523e-01 1.482990000000000030e+00 5.864480000000000359e+00
-3.421890000000000209e-01 3.576839999999999881e-02 1.539199999999999902e+00
-7.971310000000000340e-01 -1.094510000000000094e+00 3.822169999999999845e+00
1.369170000000000109e-01 -1.399759999999999893e+00 5.088169999999999860e+00
5.215640000000000276e-01 2.368790000000000173e+00 9.514079999999999870e+00
-2.664400000000000102e-02 3.461029999999999940e-01 1.302780000000000049e+00
6.129269999999999996e-01 -1.305709999999999926e+00 5.442639999999999922e+00
-2.790919999999999859e-02 -5.720769999999999467e-01 2.155660000000000132e+00
3.144100000000000228e-01 -3.782719999999999971e-01 1.595359999999999889e+00
-5.785620000000000346e-02 -1.728080000000000060e+00 6.758060000000000400e+00
4.483860000000000068e-01 2.828879999999999839e+00 1.359229999999999983e+01
5.882600000000000051e-01 -3.369029999999999969e+00 2.366300000000000026e+01
-4.859370000000000078e-01 6.458530000000000104e-01 2.437349999999999905e+00
8.525700000000000500e-01 -1.429629999999999956e+00 6.751879999999999882e+00
4.634440000000000087e-02 -3.692920000000000091e-01 1.706150000000000055e+00
1.521589999999999998e+00 1.219160000000000021e+00 4.465880000000000294e+00
-5.823159999999999448e-01 -9.280359999999999998e-02 1.805350000000000010e+00
-1.032969999999999944e+00 -8.257290000000000463e-02 2.595950000000000202e+00
1.089159999999999989e-01 -1.368149999999999977e+00 5.027989999999999959e+00
-7.134870000000000101e-02 8.949850000000000305e-01 2.589669999999999916e+00
-2.408949999999999980e-01 1.290939999999999976e+00 4.068670000000000009e+00
7.495840000000000281e-01 -7.343039999999999567e-01 3.457380000000000120e+00
-1.772259999999999946e+00 2.156569999999999876e+00 1.519170000000000087e+01
-1.463929999999999954e+00 1.038459999999999939e+00 6.393830000000000346e+00
8.144569999999999865e-01 -9.791309999999999736e-01 4.254059999999999953e+00
6.712879999999999958e-01 -8.230169999999999986e-01 3.319469999999999921e+00
1.657010000000000094e+00 1.340449999999999919e+00 5.019409999999999705e+00
3.616989999999999927e-01 -1.160979999999999901e+00 4.236329999999999707e+00
7.197459999999999969e-01 8.102059999999999818e-01 2.251300000000000079e+00
-2.225439999999999918e-01 1.850310000000000010e-01 1.547460000000000058e+00
-6.309799999999999853e-01 1.030780000000000030e+00 3.866750000000000131e+00
2.639149999999999829e-02 5.905099999999999794e-01 1.886719999999999953e+00
7.433859999999999912e-01 4.678939999999999766e-01 1.521900000000000031e+00
-1.167629999999999946e+00 -1.805879999999999930e+00 7.550690000000000346e+00
1.094330000000000025e+00 -8.509390000000000009e-01 4.672130000000000116e+00
-5.676649999999999752e-01 -1.791540000000000077e-01 1.756979999999999986e+00
-1.538370000000000015e+00 3.207659999999999956e-01 4.431930000000000369e+00
-6.859509999999999774e-01 -9.682500000000000551e-01 3.250970000000000137e+00
-7.344289999999999985e-01 -2.660580000000000167e-01 1.974399999999999933e+00
-1.897320000000000118e-01 -8.718040000000000234e-01 2.604319999999999968e+00
-3.415239999999999942e-01 -4.933790000000000120e-01 1.856409999999999894e+00
-2.741279999999999828e-01 -5.327870000000000106e-01 1.995400000000000063e+00
-3.230390000000000206e-01 1.392749999999999932e+00 4.953409999999999869e+00
-6.468429999999999458e-01 -1.185729999999999951e+00 4.070800000000000196e+00
2.722600000000000020e-01 1.048890000000000100e+00 2.570710000000000051e+00
2.103909999999999947e-01 4.706339999999999968e-01 1.581660000000000066e+00
-4.874540000000000123e-02 2.302800000000000125e-01 1.193419999999999925e+00
-1.328379999999999894e+00 -7.512459999999999694e-01 3.780879999999999797e+00
4.717149999999999815e-02 3.766340000000000243e-01 1.532540000000000013e+00
-6.731299999999999784e-02 -1.293889999999999985e+00 4.482719999999999594e+00
-6.836989999999999457e-01 -1.168239999999999945e+00 3.980140000000000011e+00
-3.718940000000000023e-01 8.010369999999999990e-01 2.719510000000000094e+00
-2.808849999999999889e-02 -9.050840000000000274e-02 1.159419999999999895e+00
-1.469650000000000123e-01 -4.083200000000000024e-02 1.174150000000000027e+00
-1.266550000000000065e+00 1.160730000000000040e+00 6.410829999999999806e+00
1.678060000000000107e+00 7.257240000000000357e-01 3.805540000000000145e+00
-3.190029999999999949e-02 2.975700000000000012e-01 1.530790000000000095e+00
1.373810000000000031e-01 -2.460479999999999959e-02 1.055770000000000097e+00
9.832119999999999749e-01 2.106510000000000105e+00 7.625810000000000421e+00
1.642919999999999936e+00 -1.173349999999999893e+00 8.167510000000000048e+00
8.384619999999999573e-02 -5.447180000000000355e-01 1.801860000000000017e+00
6.184629999999999850e-01 -3.042929999999999802e-01 1.914269999999999916e+00
1.634019999999999917e-01 4.180030000000000134e-01 1.467289999999999983e+00
1.053469999999999906e+00 1.628160000000000052e+00 5.227640000000000065e+00
-8.090380000000000349e-01 -3.023390000000000244e-01 2.117539999999999978e+00
6.811019999999999852e-01 -1.597729999999999984e-01 1.776240000000000041e+00
-7.269900000000000251e-01 1.269539999999999891e+00 5.102339999999999876e+00
7.966529999999999445e-02 2.247699999999999976e-01 1.329590000000000050e+00
3.582529999999999881e-01 1.117380000000000040e+00 3.034130000000000216e+00
8.041880000000000139e-01 7.871749999999999581e-01 2.169909999999999783e+00
-3.679870000000000124e-04 -5.657480000000000286e-01 2.053669999999999884e+00
2.108980000000000021e-01 2.567039999999999877e-01 1.309630000000000072e+00
-1.012080000000000091e+00 8.335970000000000324e-01 4.146440000000000126e+00
1.664169999999999927e+00 8.432579999999999520e-01 3.903950000000000031e+00
7.203589999999999716e-01 1.259180000000000021e-01 1.848629999999999995e+00
4.694720000000000004e-01 -1.804709999999999925e-01 1.592009999999999925e+00
1.736449999999999938e-01 -1.477189999999999892e-01 1.119199999999999973e+00
-1.636989999999999945e+00 2.616519999999999957e-02 4.462449999999999584e+00
1.158279999999999976e+00 1.012630000000000058e-01 2.405710000000000015e+00
-1.262119999999999909e+00 -1.451289999999999969e+00 5.759109999999999729e+00
